0 1 0 0 0
NESSUNO
13
0 6 5 4
0 0 7 12
0 7 4 3
0 3 5 10
2 3 4 5
2 6 7 14
2 2 5 0
8 15 7 10
1 4 7 11
1 5 4 1
8 15 4 4
0 8 7 2
0 2 6 2
95
0 11 6 11
1 13 7 10
0 1 6 12
2 8 6 11
1 6 4 4
2 2 6 7
1 9 4 0
1 1 4 14
2 4 7 11
0 7 6 2
0 9 5 2
0 6 7 8
2 5 7 3
1 6 4 12
0 4 4 14
3 0 6 7
2 6 7 4
1 11 6 5
0 0 5 7
1 7 4 10
1 0 7 3
2 3 7 1
3 6 5 14
8 16 5 8
3 5 4 0
0 9 6 12
2 1 4 2
2 13 6 4
8 16 5 3
3 8 6 6
3 6 4 7
2 4 5 5
3 9 7 0
2 0 6 6
3 9 6 10
0 4 8 15
3 11 6 3
0 5 8 17
0 12 6 1
3 4 5 0
0 13 6 3
2 12 6 10
0 11 7 12
3 12 4 10
2 7 6 8
3 2 4 1
1 3 7 6
3 3 5 8
2 11 5 4
1 9 5 1
2 13 7 2
1 5 5 5
1 2 8 17
1 3 4 8
1 1 6 0
0 5 5 14
1 12 5 12
2 11 4 12
8 16 4 2
8 15 6 5
0 3 4 6
2 12 7 6
2 7 5 10
1 13 5 6
2 0 6 8
3 1 6 4
1 7 7 7
1 0 7 4
2 9 7 1
3 7 5 1
2 9 5 11
2 5 8 17
3 4 8 17
1 2 8 15
3 5 4 3
2 8 5 12
3 1 5 3
0 2 4 5
8 16 8 15
3 0 7 0
3 11 7 8
0 13 7 14
3 8 6 1
1 8 5 11
1 12 7 5
3 13 6 0
1 8 4 11
0 8 6 14
1 4 4 11
0 1 5 6
1 11 4 6
3 12 5 2
8 15 8 15
3 13 5 7
3 7 4 8
2
Umberto
0
2
3 3 7 7
3 2 6 14
Prof. Vessio
1
2
2 1 4 7
0 12 7 5
